[-0.4012829814201817, -0.281561156955494, 0.38304930637807255, -0.1330467869046884]  60220.0
[-0.35607563525776653, -0.39372795142639094, 0.383775768197233, -0.13876012977074859]  52768.0
[-0.4292752755712672, -0.39372795142639094, 0.383775768197233, -0.1330467869046884]  51156.0
[-0.4292752755712672, -0.39372795142639094, 0.45688795079900024, -0.13876012977074859]  45692.0
[-0.43211613811138516, -0.281561156955494, 0.45688795079900024, -0.13876012977074859]  45568.0
[-0.4012829814201817, -0.45264712472977453, 0.38304930637807255, -0.13876012977074859]  37744.0
[-0.44027373374858825, -0.33808563683115356, 0.38304930637807255, -0.1330467869046884]  37660.0
[-0.4012829814201817, -0.39372795142639094, 0.38304930637807255, -0.1330467869046884]  36844.0
[-0.4292752755712672, -0.39372795142639094, 0.45688795079900024, -0.18793504134468642]  34492.0
[-0.4012829814201817, -0.281561156955494, 0.38304930637807255, -0.13876012977074859]  33632.0
[-0.44027373374858825, -0.33808563683115356, 0.38304930637807255, -0.13876012977074859]  31636.0
[-0.4012829814201817, -0.39372795142639094, 0.38304930637807255, -0.13876012977074859]  31048.0
[-0.39206006517752023, -0.281561156955494, 0.383775768197233, -0.13876012977074859]  30744.0
[-0.4012829814201817, -0.33808563683115356, 0.383775768197233, -0.13876012977074859]  30692.0
[-0.4012829814201817, -0.45264712472977453, 0.45688795079900024, -0.13876012977074859]  30316.0
[-0.43211613811138516, -0.1652491503742094, 0.45688795079900024, -0.13876012977074859]  30100.0
[-0.35607563525776653, -0.281561156955494, 0.45688795079900024, -0.13876012977074859]  29892.0
[-0.4012829814201817, -0.39372795142639094, 0.383775768197233, -0.13876012977074859]  29496.0
[-0.4012829814201817, -0.281561156955494, 0.45688795079900024, -0.1330467869046884]  28924.0
[-0.4292752755712672, -0.281561156955494, 0.38304930637807255, -0.1330467869046884]  28688.0
[-0.43211613811138516, -0.1652491503742094, 0.383775768197233, -0.13876012977074859]  27332.0
[-0.43211613811138516, -0.281561156955494, 0.383775768197233, -0.13876012977074859]  27212.0
[-0.4012829814201817, -0.33808563683115356, 0.45688795079900024, -0.1330467869046884]  26904.0
[-0.43211613811138516, -0.33808563683115356, 0.45688795079900024, -0.13876012977074859]  26084.0
[-0.4012829814201817, -0.33808563683115356, 0.38304930637807255, -0.1330467869046884]  25776.0
[-0.35607563525776653, -0.33808563683115356, 0.383775768197233, -0.1330467869046884]  25608.0
[-0.4012829814201817, -0.281561156955494, 0.383775768197233, -0.1330467869046884]  25368.0
[-0.4292752755712672, -0.33808563683115356, 0.45688795079900024, -0.1330467869046884]  25272.0
[-0.39206006517752023, -0.39372795142639094, 0.383775768197233, -0.13876012977074859]  25188.0
[-0.4012829814201817, -0.281561156955494, 0.383775768197233, -0.13876012977074859]  25048.0
[-0.44027373374858825, -0.281561156955494, 0.45688795079900024, -0.13876012977074859]  24700.0
[-0.44027373374858825, -0.1652491503742094, 0.383775768197233, -0.13876012977074859]  24320.0
[-0.4012829814201817, -0.39372795142639094, 0.383775768197233, -0.1330467869046884]  24220.0
[-0.39206006517752023, -0.39372795142639094, 0.45688795079900024, -0.18793504134468642]  24204.0
[-0.24163744075012128, -0.39372795142639094, 0.45688795079900024, -0.1330467869046884]  23584.0
[-0.4292752755712672, -0.281561156955494, 0.38304930637807255, -0.13876012977074859]  23572.0
[-0.24163744075012128, -0.39372795142639094, 0.38304930637807255, -0.13876012977074859]  23528.0
[-0.4012829814201817, -0.45264712472977453, 0.38304930637807255, -0.1330467869046884]  22948.0
[-0.44027373374858825, -0.33808563683115356, 0.383775768197233, -0.1330467869046884]  22760.0
[-0.43211613811138516, -0.39372795142639094, 0.45688795079900024, -0.13876012977074859]  22740.0
[-0.44027373374858825, -0.39372795142639094, 0.38304930637807255, -0.13876012977074859]  22620.0
[-0.24163744075012128, -0.39372795142639094, 0.383775768197233, -0.13876012977074859]  21876.0
[-0.4012829814201817, -0.39372795142639094, 0.383775768197233, -0.18793504134468642]  21744.0
[-0.4012829814201817, -0.33808563683115356, 0.383775768197233, -0.1330467869046884]  21588.0
[-0.44027373374858825, -0.281561156955494, 0.0811908662514308, -0.1330467869046884]  21400.0
[-0.44027373374858825, -0.45264712472977453, 0.383775768197233, -0.13876012977074859]  21364.0
[-0.44027373374858825, -0.39372795142639094, 0.383775768197233, -0.18793504134468642]  21044.0
[-0.39206006517752023, -0.45155313255868457, 0.08659560017577772, -0.18793504134468642]  20328.0
[-0.43211613811138516, -0.33808563683115356, 0.38304930637807255, -0.1330467869046884]  20324.0
[-0.4292752755712672, -0.39372795142639094, 0.38304930637807255, -0.18793504134468642]  20164.0
[-0.44027373374858825, -0.39372795142639094, 0.383775768197233, -0.13876012977074859]  19780.0
[-0.4012829814201817, -0.1652491503742094, 0.38304930637807255, -0.13876012977074859]  19668.0
[-0.43211613811138516, -0.1652491503742094, 0.07132588217712377, -0.13876012977074859]  18636.0
[-0.4012829814201817, -0.33808563683115356, 0.38304930637807255, -0.13876012977074859]  18556.0
[-0.44027373374858825, -0.39372795142639094, 0.38304930637807255, -0.18793504134468642]  18188.0
[-0.4012829814201817, -0.39372795142639094, 0.45688795079900024, -0.13876012977074859]  18168.0
[-0.43211613811138516, -0.1652491503742094, 0.38304930637807255, -0.13876012977074859]  17812.0
[-0.44027373374858825, -0.39372795142639094, 0.383775768197233, -0.1330467869046884]  17612.0
[-0.39206006517752023, -0.39372795142639094, 0.45688795079900024, -0.13876012977074859]  17520.0
[-0.4012829814201817, -0.45155313255868457, 0.38304930637807255, -0.18793504134468642]  17212.0
[-0.4292752755712672, -0.281561156955494, 0.45688795079900024, -0.13876012977074859]  16860.0
[-0.44027373374858825, -0.281561156955494, 0.38304930637807255, -0.1330467869046884]  16288.0
[-0.4012829814201817, -0.39372795142639094, 0.45688795079900024, -0.1330467869046884]  16076.0
[-0.39206006517752023, -0.45155313255868457, 0.08659560017577772, -0.1330467869046884]  15512.0
[-0.24163744075012128, -0.45264712472977453, 0.08659560017577772, -0.13876012977074859]  15252.0
[-0.44027373374858825, -0.39372795142639094, 0.45688795079900024, -0.13876012977074859]  15200.0
[-0.43211613811138516, -0.39372795142639094, 0.383775768197233, -0.13876012977074859]  15112.0
[-0.44027373374858825, -0.39372795142639094, 0.45688795079900024, -0.18793504134468642]  14784.0
[-0.4292752755712672, -0.33808563683115356, 0.45688795079900024, -0.18793504134468642]  14384.0
[-0.4292752755712672, -0.281561156955494, 0.383775768197233, -0.13876012977074859]  14364.0
[-0.4012829814201817, -0.281561156955494, 0.08659560017577772, -0.1330467869046884]  14280.0
[-0.4012829814201817, -0.281561156955494, 0.45688795079900024, -0.13876012977074859]  14128.0
[-0.4012829814201817, -0.39372795142639094, 0.45688795079900024, -0.18793504134468642]  13776.0
[-0.39206006517752023, -0.281561156955494, 0.38304930637807255, -0.1330467869046884]  13648.0
[-0.24163744075012128, -0.45264712472977453, 0.45688795079900024, -0.13876012977074859]  13468.0
[-0.35607563525776653, -0.281561156955494, 0.383775768197233, -0.13876012977074859]  13396.0
[-0.4012829814201817, -0.1652491503742094, 0.45688795079900024, -0.13876012977074859]  12592.0
[-0.4292752755712672, -0.39372795142639094, 0.383775768197233, -0.13876012977074859]  12188.0
[-0.24163744075012128, -0.39372795142639094, 0.38304930637807255, -0.1330467869046884]  11856.0
[-0.4292752755712672, -0.33808563683115356, 0.38304930637807255, -0.1330467869046884]  11640.0
[-0.35607563525776653, -0.33808563683115356, 0.0811908662514308, -0.1330467869046884]  11328.0
[-0.44027373374858825, -0.281561156955494, 0.38304930637807255, -0.13876012977074859]  11080.0
[-0.44027373374858825, -0.281561156955494, 0.383775768197233, -0.13876012977074859]  10124.0
[-0.44027373374858825, -0.281561156955494, 0.383775768197233, -0.18793504134468642]  9812.0
[-0.4012829814201817, -0.281561156955494, 0.08659560017577772, -0.18793504134468642]  9632.0
[-0.4012829814201817, -0.39372795142639094, 0.6712119164570295, -0.13876012977074859]  9624.0
[-0.43211613811138516, -0.281561156955494, 0.38304930637807255, -0.1330467869046884]  9580.0
[-0.43211613811138516, -0.1652491503742094, 0.45688795079900024, -0.18793504134468642]  9232.0
[-0.24163744075012128, -0.39372795142639094, 0.45688795079900024, -0.13876012977074859]  9108.0
[-0.4012829814201817, -0.33808563683115356, 0.08659560017577772, -0.1330467869046884]  8988.0
[-0.4012829814201817, -0.281561156955494, 0.38304930637807255, -0.18793504134468642]  8868.0
[-0.4012829814201817, -0.33808563683115356, 0.383775768197233, -0.18793504134468642]  8176.0
[-0.4012829814201817, -0.33808563683115356, 0.45688795079900024, -0.18793504134468642]  7928.0
[-0.44027373374858825, -0.33808563683115356, 0.0811908662514308, -0.1330467869046884]  7680.0
[-0.39206006517752023, -0.45155313255868457, 0.08659560017577772, -0.13876012977074859]  7668.0
[-0.35607563525776653, -0.39372795142639094, 0.383775768197233, -0.18793504134468642]  7424.0
[-0.24163744075012128, -0.39372795142639094, 0.38304930637807255, -0.18793504134468642]  6540.0
[-0.39206006517752023, -0.45264712472977453, 0.08659560017577772, -0.18793504134468642]  5320.0
[-0.43211613811138516, -0.1652491503742094, 0.08659560017577772, -0.18793504134468642]  4720.0
[-0.39206006517752023, -0.281561156955494, 0.45688795079900024, -0.18793504134468642]  4464.0
