[-0.32814338426406664, -0.4631137142080738, 0.4029089791519691, -0.1354082615498755]  58272.0
[-0.38503526965250867, -0.4631137142080738, 0.4299341691396157, -0.19106441435290322]  50236.0
[-0.32814338426406664, -0.4484831868221878, 0.2701094506943812, -0.14952528722246805]  49944.0
[-0.49557454872468754, -0.4631137142080738, 0.30241189021823967, -0.19106441435290322]  46964.0
[-0.32814338426406664, -0.4631137142080738, 0.4299341691396157, -0.1354082615498755]  46720.0
[-0.32814338426406664, -0.4631137142080738, 0.4299341691396157, -0.14952528722246805]  46268.0
[-0.43618810176854494, -0.3979050000932002, 0.4299341691396157, -0.19106441435290322]  45808.0
[-0.32814338426406664, -0.4484831868221878, 0.30241189021823967, -0.14952528722246805]  41108.0
[-0.38503526965250867, -0.4631137142080738, 0.2701094506943812, -0.19106441435290322]  39884.0
[-0.49557454872468754, -0.4484831868221878, 0.4299341691396157, -0.1354082615498755]  38616.0
[-0.38503526965250867, -0.16464082187929208, 0.4299341691396157, -0.1354082615498755]  35604.0
[-0.43618810176854494, -0.4484831868221878, 0.2701094506943812, -0.19106441435290322]  35480.0
[-0.38503526965250867, -0.4484831868221878, 0.4029089791519691, -0.19106441435290322]  34708.0
[-0.38503526965250867, -0.16464082187929208, 0.30241189021823967, -0.1354082615498755]  33604.0
[-0.32814338426406664, -0.4484831868221878, 0.30241189021823967, -0.1354082615498755]  33216.0
[-0.38503526965250867, -0.3979050000932002, 0.4299341691396157, -0.1354082615498755]  32504.0
[-0.38503526965250867, -0.4631137142080738, 0.4029089791519691, -0.19106441435290322]  30976.0
[-0.32814338426406664, -0.4484831868221878, 0.2701094506943812, -0.1354082615498755]  30452.0
[-0.38503526965250867, -0.4484831868221878, 0.2701094506943812, -0.14952528722246805]  30248.0
[-0.49557454872468754, -0.16464082187929208, 0.30241189021823967, -0.1354082615498755]  30084.0
[-0.38503526965250867, -0.4484831868221878, 0.4299341691396157, -0.19106441435290322]  29868.0
[-0.49557454872468754, -0.4484831868221878, 0.4299341691396157, -0.19106441435290322]  29120.0
[-0.49557454872468754, -0.4631137142080738, 0.4299341691396157, -0.14952528722246805]  28312.0
[-0.49557454872468754, -0.16464082187929208, 0.4299341691396157, -0.1354082615498755]  27840.0
[-0.43618810176854494, -0.4484831868221878, 0.4299341691396157, -0.14952528722246805]  26416.0
[-0.38503526965250867, -0.3979050000932002, 0.4029089791519691, -0.19106441435290322]  26400.0
[-0.43618810176854494, -0.4484831868221878, 0.4299341691396157, -0.1354082615498755]  25404.0
[-0.49557454872468754, -0.16464082187929208, 0.24477700540810632, -0.1354082615498755]  24664.0
[-0.32814338426406664, -0.4484831868221878, 0.4029089791519691, -0.14952528722246805]  24188.0
[-0.38503526965250867, -0.4484831868221878, 0.4299341691396157, -0.1354082615498755]  23424.0
[-0.43618810176854494, -0.4631137142080738, 0.20777729044013327, -0.19106441435290322]  23344.0
[-0.49557454872468754, -0.4484831868221878, 0.4299341691396157, -0.14952528722246805]  23140.0
[-0.38503526965250867, -0.4484831868221878, 0.30241189021823967, -0.19106441435290322]  22796.0
[-0.035038876022835286, -0.4484831868221878, 0.4029089791519691, -0.03204911099903096]  22004.0
[-0.38503526965250867, -0.4484831868221878, 0.2701094506943812, -0.19106441435290322]  21404.0
[-0.035038876022835286, -0.19428652464998242, 0.30241189021823967, -0.03204911099903096]  21200.0
[-0.38503526965250867, -0.4631137142080738, 0.4299341691396157, -0.1354082615498755]  20968.0
[-0.38503526965250867, -0.4631137142080738, 0.30241189021823967, -0.1354082615498755]  20884.0
[-0.32814338426406664, -0.4484831868221878, 0.2701094506943812, -0.19106441435290322]  20676.0
[-0.49557454872468754, -0.4631137142080738, 0.4029089791519691, -0.19106441435290322]  20536.0
[-0.38503526965250867, -0.3979050000932002, 0.2701094506943812, -0.19106441435290322]  20428.0
[-0.32814338426406664, -0.4484831868221878, 0.4299341691396157, -0.14952528722246805]  20080.0
[-0.43618810176854494, 0.1511796421501066, 0.30241189021823967, -0.04255329442742484]  19996.0
[-0.49557454872468754, 0.1511796421501066, 0.30241189021823967, -0.04255329442742484]  19580.0
[-0.43618810176854494, -0.4484831868221878, 0.4299341691396157, -0.19106441435290322]  19524.0
[-0.32814338426406664, -0.4484831868221878, 0.4299341691396157, -0.1354082615498755]  19344.0
[-0.32814338426406664, -0.4484831868221878, 0.24477700540810632, -0.1354082615498755]  19288.0
[-0.32814338426406664, -0.4484831868221878, 0.4029089791519691, -0.1354082615498755]  19252.0
[-0.49557454872468754, -0.4484831868221878, 0.2701094506943812, -0.19106441435290322]  18276.0
[-0.49557454872468754, -0.4631137142080738, 0.30241189021823967, -0.1354082615498755]  17768.0
[-0.035038876022835286, -0.4484831868221878, 0.2701094506943812, -0.03204911099903096]  17136.0
[-0.38503526965250867, -0.3979050000932002, 0.4299341691396157, -0.19106441435290322]  17080.0
[-0.32814338426406664, -0.4631137142080738, 0.4299341691396157, -0.19106441435290322]  16896.0
[-0.43618810176854494, -0.4484831868221878, 0.4029089791519691, -0.19106441435290322]  16304.0
[-0.43618810176854494, -0.4484831868221878, 0.30241189021823967, -0.19106441435290322]  15592.0
[-0.49557454872468754, -0.4484831868221878, 0.30241189021823967, -0.1354082615498755]  15556.0
[-0.43618810176854494, -0.4631137142080738, 0.4029089791519691, -0.19106441435290322]  15172.0
[-0.49557454872468754, -0.4484831868221878, 0.30241189021823967, -0.19106441435290322]  14676.0
[-0.43618810176854494, -0.4631137142080738, 0.30241189021823967, -0.19106441435290322]  14132.0
[-0.43618810176854494, -0.4484831868221878, 0.6436589989002851, -0.19106441435290322]  14116.0
[-0.43618810176854494, 0.1511796421501066, 0.2701094506943812, -0.04255329442742484]  13392.0
[-0.43618810176854494, -0.4631137142080738, 0.4299341691396157, -0.1354082615498755]  12924.0
[-0.49557454872468754, -0.4631137142080738, 0.4029089791519691, -0.1354082615498755]  12780.0
[-0.035038876022835286, -0.19428652464998242, 0.4029089791519691, -0.03204911099903096]  12468.0
[-0.49557454872468754, -0.4631137142080738, 0.4299341691396157, -0.19106441435290322]  12212.0
[-0.38503526965250867, -0.4484831868221878, 0.2701094506943812, -0.1354082615498755]  11900.0
[-0.49557454872468754, -0.16464082187929208, 0.4029089791519691, -0.1354082615498755]  11156.0
[-0.43618810176854494, 0.1511796421501066, 0.20777729044013327, -0.04255329442742484]  10916.0
[-0.38503526965250867, -0.4484831868221878, 0.6436589989002851, -0.19106441435290322]  10464.0
[-0.49557454872468754, -0.4631137142080738, 0.24477700540810632, -0.19106441435290322]  10144.0
[-0.49557454872468754, -0.16464082187929208, 0.024006200122830945, -0.1354082615498755]  9976.0
[-0.43618810176854494, 0.1511796421501066, 0.4299341691396157, -0.04255329442742484]  9964.0
[-0.43618810176854494, -0.16464082187929208, 0.30241189021823967, -0.1354082615498755]  9884.0
[-0.32814338426406664, -0.4484831868221878, 0.4029089791519691, -0.19106441435290322]  9808.0
[-0.38503526965250867, -0.19428652464998242, 0.4029089791519691, -0.03204911099903096]  9496.0
[-0.49557454872468754, -0.16464082187929208, 0.30241189021823967, -0.19106441435290322]  9180.0
[-0.32814338426406664, -0.3979050000932002, 0.4299341691396157, -0.19106441435290322]  9144.0
[-0.32814338426406664, -0.4484831868221878, 0.4299341691396157, -0.19106441435290322]  8960.0
[-0.49557454872468754, -0.4484831868221878, 0.30241189021823967, -0.14952528722246805]  7384.0
[-0.32814338426406664, -0.4484831868221878, 0.024006200122830945, -0.19106441435290322]  7344.0
[-0.43618810176854494, -0.19428652464998242, 0.4029089791519691, -0.03204911099903096]  6692.0
[-0.32814338426406664, -0.16464082187929208, 0.4299341691396157, -0.1354082615498755]  6304.0
[-0.49557454872468754, -0.19428652464998242, 0.30241189021823967, -0.03204911099903096]  6292.0
[-0.43618810176854494, -0.4484831868221878, 0.4299341691396157, -0.05161840479342594]  6252.0
[-0.43618810176854494, -0.4631137142080738, 0.4029089791519691, -0.04255329442742484]  6108.0
[-0.32814338426406664, -0.4484831868221878, 0.4299341691396157, -0.04255329442742484]  5884.0
[-0.32814338426406664, -0.16464082187929208, 0.30241189021823967, -0.14952528722246805]  5880.0
[-0.32814338426406664, -0.16464082187929208, 0.30241189021823967, -0.1354082615498755]  5768.0
[-0.49557454872468754, -0.4631137142080738, 0.4029089791519691, -0.03204911099903096]  5572.0
[-0.38503526965250867, -0.4484831868221878, 0.024006200122830945, -0.19106441435290322]  5212.0
[-0.49557454872468754, -0.16464082187929208, 0.4029089791519691, -0.19106441435290322]  4508.0
[-0.38503526965250867, -0.16464082187929208, 0.4029089791519691, -0.19106441435290322]  3968.0
[-0.38503526965250867, -0.16464082187929208, 0.30241189021823967, -0.19106441435290322]  3856.0
[-0.49557454872468754, -0.16464082187929208, 0.24477700540810632, -0.03204911099903096]  3684.0
[-0.43618810176854494, -0.4631137142080738, 0.024006200122830945, -0.05161840479342594]  3576.0
[-0.035038876022835286, -0.4631137142080738, 0.4029089791519691, -0.19106441435290322]  1716.0
[-0.43618810176854494, 0.1511796421501066, 0.30241189021823967, -0.14952528722246805]  1436.0
[-0.035038876022835286, -0.19428652464998242, 0.4029089791519691, -0.19106441435290322]  1068.0
[-0.32814338426406664, 0.4153572331073211, 0.024006200122830945, -0.1354082615498755]  148.0
[-0.38503526965250867, -0.4631137142080738, 0.2701094506943812, 0.3917524860016697]  0.0
